[Body4]

ContourNodesSection=Nods1
RotateAxeBeginPoint=0.0  0.0  0.0
RotateAxeEndPoint=0.0  0.6  0.0
MeshStep=0.01
VolumeMeshFile=Body4.msh


[Nods1]

P1=0.0  0.0  0.0  
P2=0.063  0.0  0.0 
P3=0.076  0.077  0.0 
P4=0.076  0.33  0.0 
P5=0.072542  0.4  0.0  
P6=0.0458087  0.5  0.0  
P7=0.0  0.6  0.0